111
159
42
82
174
22
101
36
81
2
96
84
254
106
138
194
103
243
45
127
73
32
70
122
70
179
128
192
113
39
147
114
61
207
186
242
123
181
159
94
27
20
183
254
67
172
220
229
252
96
158
150
149
124
179
205
154
75
188
143
47
210
223
92
13
72
139
225
119
202
174
154
84
173
71
220
71
246
244
34
169
142
143
42
101
197
47
47
84
115
171
122
244
197
221
21
141
184
232
128
219
177
17
226
69
35
33
95
176
38
245
108
124
105
128
145
97
187
88
212
153
47
11
20
83
192
234
121
175
180
228
158
82
62
112
70
185
41
225
90
11
46
173
10
4
21
232
81
24
106
